273.15 2500.51940 -0.04159267
274.15 2502.43550 4.17709516
275.15 2504.34266 8.39241393
276.15 2506.24148 12.60462294
277.15 2508.13252 16.81396180
278.15 2510.01631 21.02065208
279.15 2511.89333 25.22489874
280.15 2513.76405 29.42689145
281.15 2515.62888 33.62680581
282.15 2517.48822 37.82480451
283.15 2519.34244 42.02103829
284.15 2521.19188 46.21564697
285.15 2523.03684 50.40876024
286.15 2524.87763 54.60049852
287.15 2526.71452 58.79097364
288.15 2528.54775 62.98028957
289.15 2530.37755 67.16854299
290.15 2532.20414 71.35582390
291.15 2534.02772 75.54221613
292.15 2535.84846 79.72779780
293.15 2537.66652 83.91264181
294.15 2539.48207 88.09681624
295.15 2541.29522 92.28038471
296.15 2543.10611 96.46340672
297.15 2544.91485 100.64593802
298.15 2546.72154 104.82803085
299.15 2548.52626 109.00973428
300.15 2550.32910 113.19109438
301.15 2552.13013 117.37215454
302.15 2553.92940 121.55295561
303.15 2555.72697 125.73353615
304.15 2557.52289 129.91393260
305.15 2559.31719 134.09417945
306.15 2561.10989 138.27430939
307.15 2562.90103 142.45435346
308.15 2564.69062 146.63434121
309.15 2566.47867 150.81430076
310.15 2568.26518 154.99425901
311.15 2570.05015 159.17424166
312.15 2571.83359 163.35427335
313.15 2573.61547 167.53437776
314.15 2575.39579 171.71457767
315.15 2577.17452 175.89489507
316.15 2578.95164 180.07535119
317.15 2580.72712 184.25596662
318.15 2582.50094 188.43676134
319.15 2584.27306 192.61775477
320.15 2586.04344 196.79896586
321.15 2587.81205 200.98041312
322.15 2589.57883 205.16211468
323.15 2591.34375 209.34408829
324.15 2593.10676 213.52635143
325.15 2594.86780 217.70892130
326.15 2596.62683 221.89181487
327.15 2598.38379 226.07504892
328.15 2600.13862 230.25864003
329.15 2601.89126 234.44260469
330.15 2603.64166 238.62695925
331.15 2605.38975 242.81171998
332.15 2607.13547 246.99690308
333.15 2608.87876 251.18252472
334.15 2610.61954 255.36860104
335.15 2612.35775 259.55514818
336.15 2614.09332 263.74218231
337.15 2615.82619 267.92971962
338.15 2617.55628 272.11777634
339.15 2619.28351 276.30636878
340.15 2621.00782 280.49551332
341.15 2622.72914 284.68522642
342.15 2624.44738 288.87552466
343.15 2626.16248 293.06642471
344.15 2627.87436 297.25794339
345.15 2629.58293 301.45009762
346.15 2631.28813 305.64290450
347.15 2632.98988 309.83638124
348.15 2634.68809 314.03054524
349.15 2636.38270 318.22541405
350.15 2638.07361 322.42100540
351.15 2639.76076 326.61733720
352.15 2641.44405 330.81442753
353.15 2643.12342 335.01229470
354.15 2644.79878 339.21095717
355.15 2646.47005 343.41043365
356.15 2648.13715 347.61074302
357.15 2649.80000 351.81190439
358.15 2651.45851 356.01393709
359.15 2653.11261 360.21686067
360.15 2654.76221 364.42069489
361.15 2656.40723 368.62545976
362.15 2658.04759 372.83117551
363.15 2659.68321 377.03786260
364.15 2661.31401 381.24554175
365.15 2662.93990 385.45423391
366.15 2664.56079 389.66396026
367.15 2666.17662 393.87474224
368.15 2667.78729 398.08660155
369.15 2669.39273 402.29956012
370.15 2670.99285 406.51364015
371.15 2672.58757 410.72886410
372.15 2674.17680 414.94525467
373.15 2675.76047 419.16283483
374.15 2677.33849 423.38162782
375.15 2678.91078 427.60165713
376.15 2680.47726 431.82294652
377.15 2682.03785 436.04552003
378.15 2683.59245 440.26940196
379.15 2685.14100 444.49461686
380.15 2686.68341 448.72118960
381.15 2688.21960 452.94914527
382.15 2689.74949 457.17850927
383.15 2691.27298 461.40930728
384.15 2692.79002 465.64156522
385.15 2694.30050 469.87530934
386.15 2695.80435 474.11056612
387.15 2697.30149 478.34736237
388.15 2698.79184 482.58572514
389.15 2700.27532 486.82568180
390.15 2701.75184 491.06725998
391.15 2703.22132 495.31048761
392.15 2704.68369 499.55539290
393.15 2706.13886 503.80200437
394.15 2707.58675 508.05035080
395.15 2709.02728 512.30046129
396.15 2710.46037 516.55236521
397.15 2711.88594 520.80609225
398.15 2713.30391 525.06167237
399.15 2714.71420 529.31913586
400.15 2716.11672 533.57851327
401.15 2717.51140 537.83983548
402.15 2718.89816 542.10313367
403.15 2720.27692 546.36843931
404.15 2721.64759 550.63578418
405.15 2723.01010 554.90520037
406.15 2724.36436 559.17672029
407.15 2725.71030 563.45037663
408.15 2727.04784 567.72620242
409.15 2728.37689 572.00423100
410.15 2729.69737 576.28449600
411.15 2731.00921 580.56703141
412.15 2732.31232 584.85187151
413.15 2733.60662 589.13905090
414.15 2734.89203 593.42860453
415.15 2736.16848 597.72056764
416.15 2737.43588 602.01497583
417.15 2738.69414 606.31186502
418.15 2739.94320 610.61127145
419.15 2741.18296 614.91323171
420.15 2742.41335 619.21778273
421.15 2743.63428 623.52496178
422.15 2744.84568 627.83480645
423.15 2746.04746 632.14735471
424.15 2747.23953 636.46264486
425.15 2748.42182 640.78071556
426.15 2749.59425 645.10160582
427.15 2750.75673 649.42535501
428.15 2751.90917 653.75200287
429.15 2753.05151 658.08158949
430.15 2754.18364 662.41415534
431.15 2755.30549 666.74974127
432.15 2756.41697 671.08838848
433.15 2757.51800 675.43013858
434.15 2758.60850 679.77503355
435.15 2759.68837 684.12311577
436.15 2760.75754 688.47442798
437.15 2761.81591 692.82901336
438.15 2762.86340 697.18691548
439.15 2763.89993 701.54817829
440.15 2764.92540 705.91284618
441.15 2765.93972 710.28096396
442.15 2766.94282 714.65257684
443.15 2767.93459 719.02773047
444.15 2768.91495 723.40647093
445.15 2769.88381 727.78884475
446.15 2770.84107 732.17489888
447.15 2771.78665 736.56468075
448.15 2772.72046 740.95823822
449.15 2773.64240 745.35561963
450.15 2774.55237 749.75687378
451.15 2775.45028 754.16204997
452.15 2776.33605 758.57119794
453.15 2777.20956 762.98436796
454.15 2778.07073 767.40161080
455.15 2778.91945 771.82297769
456.15 2779.75563 776.24852044
457.15 2780.57917 780.67829132
458.15 2781.38997 785.11234318
459.15 2782.18793 789.55072938
460.15 2782.97294 793.99350384
461.15 2783.74490 798.44072104
462.15 2784.50371 802.89243602
463.15 2785.24927 807.34870440
464.15 2785.98145 811.80958238
465.15 2786.70017 816.27512678
466.15 2787.40531 820.74539501
467.15 2788.09676 825.22044510
468.15 2788.77440 829.70033572
469.15 2789.43813 834.18512617
470.15 2790.08784 838.67487642
471.15 2790.72341 843.16964708
472.15 2791.34471 847.66949948
473.15 2791.95165 852.17449562
474.15 2792.54408 856.68469819
475.15 2793.12191 861.20017064
476.15 2793.68500 865.72097711
477.15 2794.23323 870.24718254
478.15 2794.76647 874.77885260
479.15 2795.28461 879.31605374
480.15 2795.78751 883.85885324
481.15 2796.27504 888.40731915
482.15 2796.74707 892.96152038
483.15 2797.20347 897.52152670
484.15 2797.64410 902.08740871
485.15 2798.06883 906.65923793
486.15 2798.47752 911.23708677
487.15 2798.87003 915.82102857
488.15 2799.24621 920.41113762
489.15 2799.60593 925.00748918
490.15 2799.94903 929.61015950
491.15 2800.27537 934.21922584
492.15 2800.58480 938.83476650
493.15 2800.87717 943.45686084
494.15 2801.15231 948.08558930
495.15 2801.41008 952.72103346
496.15 2801.65031 957.36327601
497.15 2801.87285 962.01240082
498.15 2802.07752 966.66849295
499.15 2802.26418 971.33163870
500.15 2802.43263 976.00192560
501.15 2802.58272 980.67944248
502.15 2802.71427 985.36427951
503.15 2802.82710 990.05652818
504.15 2802.92104 994.75628139
505.15 2802.99589 999.46363345
506.15 2803.05149 1004.17868013
507.15 2803.08763 1008.90151872
508.15 2803.10414 1013.63224802
509.15 2803.10080 1018.37096844
510.15 2803.07744 1023.11778198
511.15 2803.03385 1027.87279233
512.15 2802.96981 1032.63610488
513.15 2802.88514 1037.40782679
514.15 2802.77962 1042.18806702
515.15 2802.65303 1046.97693637
516.15 2802.50515 1051.77454758
517.15 2802.33578 1056.58101534
518.15 2802.14467 1061.39645636
519.15 2801.93161 1066.22098943
520.15 2801.69637 1071.05473548
521.15 2801.43869 1075.89781763
522.15 2801.15835 1080.75036129
523.15 2800.85511 1085.61249418
524.15 2800.52870 1090.48434642
525.15 2800.17888 1095.36605064
526.15 2799.80539 1100.25774198
527.15 2799.40797 1105.15955823
528.15 2798.98634 1110.07163988
529.15 2798.54025 1114.99413024
530.15 2798.06940 1119.92717546
531.15 2797.57352 1124.87092470
532.15 2797.05231 1129.82553017
533.15 2796.50549 1134.79114724
534.15 2795.93276 1139.76793457
535.15 2795.33380 1144.75605419
536.15 2794.70831 1149.75567159
537.15 2794.05598 1154.76695590
538.15 2793.37646 1159.79007996
539.15 2792.66945 1164.82522044
540.15 2791.93459 1169.87255803
541.15 2791.17154 1174.93227751
542.15 2790.37996 1180.00456792
543.15 2789.55947 1185.08962273
544.15 2788.70973 1190.18763994
545.15 2787.83034 1195.29882232
546.15 2786.92093 1200.42337750
547.15 2785.98110 1205.56151821
548.15 2785.01046 1210.71346244
549.15 2784.00859 1215.87943362
550.15 2782.97508 1221.05966085
551.15 2781.90949 1226.25437910
552.15 2780.81139 1231.46382944
553.15 2779.68033 1236.68825927
554.15 2778.51584 1241.92792255
555.15 2777.31746 1247.18308011
556.15 2776.08469 1252.45399984
557.15 2774.81705 1257.74095705
558.15 2773.51402 1263.04423472
559.15 2772.17508 1268.36412384
560.15 2770.79970 1273.70092372
561.15 2769.38732 1279.05494238
562.15 2767.93738 1284.42649683
563.15 2766.44929 1289.81591358
564.15 2764.92247 1295.22352891
565.15 2763.35629 1300.64968943
566.15 2761.75012 1306.09475242
567.15 2760.10331 1311.55908640
568.15 2758.41520 1317.04307157
569.15 2756.68508 1322.54710039
570.15 2754.91225 1328.07157813
571.15 2753.09598 1333.61692347
572.15 2751.23550 1339.18356913
573.15 2749.33003 1344.77196258
574.15 2747.37877 1350.38256671
575.15 2745.38088 1356.01586063
576.15 2743.33550 1361.67234048
577.15 2741.24173 1367.35252027
578.15 2739.09865 1373.05693282
579.15 2736.90531 1378.78613075
580.15 2734.66070 1384.54068751
581.15 2732.36381 1390.32119850
582.15 2730.01355 1396.12828231
583.15 2727.60884 1401.96258193
584.15 2725.14850 1407.82476620
585.15 2722.63135 1413.71553123
586.15 2720.05613 1419.63560203
587.15 2717.42156 1425.58573418
588.15 2714.72627 1431.56671569
589.15 2711.96886 1437.57936895
590.15 2709.14785 1443.62455289
591.15 2706.26171 1449.70316531
592.15 2703.30882 1455.81614531
593.15 2700.28751 1461.96447606
594.15 2697.19602 1468.14918771
595.15 2694.03249 1474.37136061
596.15 2690.79500 1480.63212874
597.15 2687.48149 1486.93268355
598.15 2684.08984 1493.27427809
599.15 2680.61780 1499.65823153
600.15 2677.06298 1506.08593413
601.15 2673.42288 1512.55885273
602.15 2669.69486 1519.07853673
603.15 2665.87613 1525.64662473
604.15 2661.96372 1532.26485184
605.15 2657.95449 1538.93505781
606.15 2653.84511 1545.65919605
607.15 2649.63204 1552.43934366
608.15 2645.31150 1559.27771259
609.15 2640.87947 1566.17666223
610.15 2636.33164 1573.13871347
611.15 2631.66341 1580.16656452
612.15 2626.86985 1587.26310880
613.15 2621.94565 1594.43145528
614.15 2616.88510 1601.67495147
615.15 2611.68203 1608.99720985
616.15 2606.32980 1616.40213801
617.15 2600.82116 1623.89397341
618.15 2595.14828 1631.47732366
619.15 2589.30258 1639.15721318
620.15 2583.27472 1646.93913781
621.15 2577.05443 1654.82912895
622.15 2570.63041 1662.83382928
623.15 2563.99019 1670.96058289
624.15 2557.11994 1679.21754314
625.15 2550.00425 1687.61380275
626.15 2542.62588 1696.15955205
627.15 2534.96544 1704.86627307
628.15 2527.00099 1713.74697992
629.15 2518.70758 1722.81651961
630.15 2510.05661 1732.09195299
631.15 2501.01506 1741.59304316
632.15 2491.54447 1751.34289091
633.15 2481.59965 1761.36877450
634.15 2471.12685 1771.70327982
635.15 2460.06141 1782.38585277
636.15 2448.32435 1793.46498227
637.15 2435.81759 1805.00135513
638.15 2422.41681 1817.07256380
639.15 2407.96058 1829.78040554
640.15 2392.23285 1843.26273767
641.15 2374.93328 1857.71387874
642.15 2355.62313 1873.42241280
643.15 2333.61640 1890.84850686
644.15 2307.72945 1910.80567210
645.15 2275.56899 1934.99088590
646.15 2230.53916 1968.29378487
647.15 NaN NaN
648.15 NaN NaN
649.15 NaN NaN
